# m1 m2 Lambda1 Lambda2 gamma0 gamma1 gamma2 gamma3 log_central_pressure1_cgs log_central_pressure2_cgs
1.476099356248381289e+00 1.387730795591513910e+00 0.000000000000000000e+00 0.000000000000000000e+00 6.768730840689067829e-01 1.849793950121006447e-01 -1.545969552248221621e-02 -9.786142132722361537e-05 2.759903289588603329e+35 1.068613518052392722e+35
1.569407302361732981e+00 1.273887991850865653e+00 0.000000000000000000e+00 0.000000000000000000e+00 6.768730840689067829e-01 1.849793950121006447e-01 -1.545969552248221621e-02 -9.786142132722361537e-05 2.759903289588603329e+35 1.068613518052392722e+35
1.435545709552124460e+00 1.365715744489267358e+00 0.000000000000000000e+00 0.000000000000000000e+00 6.768730840689067829e-01 1.849793950121006447e-01 -1.545969552248221621e-02 -9.786142132722361537e-05 2.759903289588603329e+35 1.068613518052392722e+35
1.516522696200639508e+00 1.332192802116447083e+00 0.000000000000000000e+00 0.000000000000000000e+00 6.768730840689067829e-01 1.849793950121006447e-01 -1.545969552248221621e-02 -9.786142132722361537e-05 2.759903289588603329e+35 1.068613518052392722e+35
1.360696757797158707e+00 1.305347487209118640e+00 0.000000000000000000e+00 0.000000000000000000e+00 6.768730840689067829e-01 1.849793950121006447e-01 -1.545969552248221621e-02 -9.786142132722361537e-05 2.759903289588603329e+35 1.068613518052392722e+35
1.362025426139580331e+00 1.323624490169970080e+00 0.000000000000000000e+00 0.000000000000000000e+00 6.768730840689067829e-01 1.849793950121006447e-01 -1.545969552248221621e-02 -9.786142132722361537e-05 2.759903289588603329e+35 1.068613518052392722e+35
1.192955092119275307e+00 1.158552207729638184e+00 0.000000000000000000e+00 0.000000000000000000e+00 6.768730840689067829e-01 1.849793950121006447e-01 -1.545969552248221621e-02 -9.786142132722361537e-05 2.759903289588603329e+35 1.068613518052392722e+35
1.661987479606931384e+00 1.166861908946542847e+00 0.000000000000000000e+00 0.000000000000000000e+00 6.768730840689067829e-01 1.849793950121006447e-01 -1.545969552248221621e-02 -9.786142132722361537e-05 2.759903289588603329e+35 1.068613518052392722e+35
1.456103606545589235e+00 1.067105957195759514e+00 0.000000000000000000e+00 0.000000000000000000e+00 6.768730840689067829e-01 1.849793950121006447e-01 -1.545969552248221621e-02 -9.786142132722361537e-05 2.759903289588603329e+35 1.068613518052392722e+35
1.435832655870302954e+00 1.301491667429139687e+00 0.000000000000000000e+00 0.000000000000000000e+00 6.768730840689067829e-01 1.849793950121006447e-01 -1.545969552248221621e-02 -9.786142132722361537e-05 2.759903289588603329e+35 1.068613518052392722e+35
1.516841237325032621e+00 1.323891704707392369e+00 0.000000000000000000e+00 0.000000000000000000e+00 6.768730840689067829e-01 1.849793950121006447e-01 -1.545969552248221621e-02 -9.786142132722361537e-05 2.759903289588603329e+35 1.068613518052392722e+35
1.566511555385317944e+00 1.304889261132831768e+00 0.000000000000000000e+00 0.000000000000000000e+00 6.768730840689067829e-01 1.849793950121006447e-01 -1.545969552248221621e-02 -9.786142132722361537e-05 2.759903289588603329e+35 1.068613518052392722e+35
1.473391507594561167e+00 1.391779298279820054e+00 0.000000000000000000e+00 0.000000000000000000e+00 6.768730840689067829e-01 1.849793950121006447e-01 -1.545969552248221621e-02 -9.786142132722361537e-05 2.759903289588603329e+35 1.068613518052392722e+35
1.602329254639481393e+00 1.127382022213611501e+00 0.000000000000000000e+00 0.000000000000000000e+00 6.768730840689067829e-01 1.849793950121006447e-01 -1.545969552248221621e-02 -9.786142132722361537e-05 2.759903289588603329e+35 1.068613518052392722e+35
1.868547736942395066e+00 1.747257167611944828e+00 0.000000000000000000e+00 0.000000000000000000e+00 6.768730840689067829e-01 1.849793950121006447e-01 -1.545969552248221621e-02 -9.786142132722361537e-05 2.759903289588603329e+35 1.068613518052392722e+35
1.367638777085713242e+00 1.332970985376936479e+00 0.000000000000000000e+00 0.000000000000000000e+00 6.768730840689067829e-01 1.849793950121006447e-01 -1.545969552248221621e-02 -9.786142132722361537e-05 2.759903289588603329e+35 1.068613518052392722e+35
1.457042304553110457e+00 1.175356358374968435e+00 0.000000000000000000e+00 0.000000000000000000e+00 6.768730840689067829e-01 1.849793950121006447e-01 -1.545969552248221621e-02 -9.786142132722361537e-05 2.759903289588603329e+35 1.068613518052392722e+35
1.562978290830991268e+00 1.325507497238899601e+00 0.000000000000000000e+00 0.000000000000000000e+00 6.768730840689067829e-01 1.849793950121006447e-01 -1.545969552248221621e-02 -9.786142132722361537e-05 2.759903289588603329e+35 1.068613518052392722e+35
1.458065697667069172e+00 1.282093679322552582e+00 0.000000000000000000e+00 0.000000000000000000e+00 6.768730840689067829e-01 1.849793950121006447e-01 -1.545969552248221621e-02 -9.786142132722361537e-05 2.759903289588603329e+35 1.068613518052392722e+35
1.719984803658216821e+00 1.521107917536777432e+00 0.000000000000000000e+00 0.000000000000000000e+00 6.768730840689067829e-01 1.849793950121006447e-01 -1.545969552248221621e-02 -9.786142132722361537e-05 2.759903289588603329e+35 1.068613518052392722e+35
1.266730011013000423e+00 1.103074754975346572e+00 0.000000000000000000e+00 0.000000000000000000e+00 6.768730840689067829e-01 1.849793950121006447e-01 -1.545969552248221621e-02 -9.786142132722361537e-05 2.759903289588603329e+35 1.068613518052392722e+35
1.533894762582593385e+00 1.530125203978930370e+00 0.000000000000000000e+00 0.000000000000000000e+00 6.768730840689067829e-01 1.849793950121006447e-01 -1.545969552248221621e-02 -9.786142132722361537e-05 2.759903289588603329e+35 1.068613518052392722e+35
1.478512558385856268e+00 1.138503106952055921e+00 0.000000000000000000e+00 0.000000000000000000e+00 6.768730840689067829e-01 1.849793950121006447e-01 -1.545969552248221621e-02 -9.786142132722361537e-05 2.759903289588603329e+35 1.068613518052392722e+35
1.456650450233880179e+00 1.237898229282201834e+00 0.000000000000000000e+00 0.000000000000000000e+00 6.768730840689067829e-01 1.849793950121006447e-01 -1.545969552248221621e-02 -9.786142132722361537e-05 2.759903289588603329e+35 1.068613518052392722e+35
1.590044355229745854e+00 1.402684718863008495e+00 0.000000000000000000e+00 0.000000000000000000e+00 6.768730840689067829e-01 1.849793950121006447e-01 -1.545969552248221621e-02 -9.786142132722361537e-05 2.759903289588603329e+35 1.068613518052392722e+35
1.588344744964646171e+00 1.111609948553702987e+00 0.000000000000000000e+00 0.000000000000000000e+00 6.768730840689067829e-01 1.849793950121006447e-01 -1.545969552248221621e-02 -9.786142132722361537e-05 2.759903289588603329e+35 1.068613518052392722e+35
1.234282417208524052e+00 1.202585320014158299e+00 0.000000000000000000e+00 0.000000000000000000e+00 6.768730840689067829e-01 1.849793950121006447e-01 -1.545969552248221621e-02 -9.786142132722361537e-05 2.759903289588603329e+35 1.068613518052392722e+35
1.466536073299634646e+00 1.374001438287039578e+00 0.000000000000000000e+00 0.000000000000000000e+00 6.768730840689067829e-01 1.849793950121006447e-01 -1.545969552248221621e-02 -9.786142132722361537e-05 2.759903289588603329e+35 1.068613518052392722e+35
1.239139727738516328e+00 1.117573821440290160e+00 0.000000000000000000e+00 0.000000000000000000e+00 6.768730840689067829e-01 1.849793950121006447e-01 -1.545969552248221621e-02 -9.786142132722361537e-05 2.759903289588603329e+35 1.068613518052392722e+35
1.481034807369425277e+00 1.355538811873062910e+00 0.000000000000000000e+00 0.000000000000000000e+00 6.768730840689067829e-01 1.849793950121006447e-01 -1.545969552248221621e-02 -9.786142132722361537e-05 2.759903289588603329e+35 1.068613518052392722e+35
1.327166975607535715e+00 1.207643224938670379e+00 0.000000000000000000e+00 0.000000000000000000e+00 6.768730840689067829e-01 1.849793950121006447e-01 -1.545969552248221621e-02 -9.786142132722361537e-05 2.759903289588603329e+35 1.068613518052392722e+35
1.398098171160509162e+00 1.362333516778495568e+00 0.000000000000000000e+00 0.000000000000000000e+00 6.768730840689067829e-01 1.849793950121006447e-01 -1.545969552248221621e-02 -9.786142132722361537e-05 2.759903289588603329e+35 1.068613518052392722e+35
1.532627828888360799e+00 1.347839499678267217e+00 0.000000000000000000e+00 0.000000000000000000e+00 6.768730840689067829e-01 1.849793950121006447e-01 -1.545969552248221621e-02 -9.786142132722361537e-05 2.759903289588603329e+35 1.068613518052392722e+35
1.287163450407241561e+00 1.286138813312670548e+00 0.000000000000000000e+00 0.000000000000000000e+00 6.768730840689067829e-01 1.849793950121006447e-01 -1.545969552248221621e-02 -9.786142132722361537e-05 2.759903289588603329e+35 1.068613518052392722e+35
1.353213486886079897e+00 1.031865563408483455e+00 0.000000000000000000e+00 0.000000000000000000e+00 6.768730840689067829e-01 1.849793950121006447e-01 -1.545969552248221621e-02 -9.786142132722361537e-05 2.759903289588603329e+35 1.068613518052392722e+35
1.623889910651616031e+00 1.156301604995876531e+00 0.000000000000000000e+00 0.000000000000000000e+00 6.768730840689067829e-01 1.849793950121006447e-01 -1.545969552248221621e-02 -9.786142132722361537e-05 2.759903289588603329e+35 1.068613518052392722e+35
1.587258999213019051e+00 1.313457445962100012e+00 0.000000000000000000e+00 0.000000000000000000e+00 6.768730840689067829e-01 1.849793950121006447e-01 -1.545969552248221621e-02 -9.786142132722361537e-05 2.759903289588603329e+35 1.068613518052392722e+35
1.587493520902134136e+00 1.327229914422976442e+00 0.000000000000000000e+00 0.000000000000000000e+00 6.768730840689067829e-01 1.849793950121006447e-01 -1.545969552248221621e-02 -9.786142132722361537e-05 2.759903289588603329e+35 1.068613518052392722e+35
1.748581015360655355e+00 1.258202329382487994e+00 0.000000000000000000e+00 0.000000000000000000e+00 6.768730840689067829e-01 1.849793950121006447e-01 -1.545969552248221621e-02 -9.786142132722361537e-05 2.759903289588603329e+35 1.068613518052392722e+35
1.721239802783417705e+00 1.513393937514526222e+00 0.000000000000000000e+00 0.000000000000000000e+00 6.768730840689067829e-01 1.849793950121006447e-01 -1.545969552248221621e-02 -9.786142132722361537e-05 2.759903289588603329e+35 1.068613518052392722e+35
1.643433866758468698e+00 1.327954341830593021e+00 0.000000000000000000e+00 0.000000000000000000e+00 6.768730840689067829e-01 1.849793950121006447e-01 -1.545969552248221621e-02 -9.786142132722361537e-05 2.759903289588603329e+35 1.068613518052392722e+35
1.511761721111456458e+00 1.375119044807476598e+00 0.000000000000000000e+00 0.000000000000000000e+00 6.768730840689067829e-01 1.849793950121006447e-01 -1.545969552248221621e-02 -9.786142132722361537e-05 2.759903289588603329e+35 1.068613518052392722e+35
1.471294469477289146e+00 1.456412855620722979e+00 0.000000000000000000e+00 0.000000000000000000e+00 6.768730840689067829e-01 1.849793950121006447e-01 -1.545969552248221621e-02 -9.786142132722361537e-05 2.759903289588603329e+35 1.068613518052392722e+35
1.535054442959143284e+00 1.393361079694626081e+00 0.000000000000000000e+00 0.000000000000000000e+00 6.768730840689067829e-01 1.849793950121006447e-01 -1.545969552248221621e-02 -9.786142132722361537e-05 2.759903289588603329e+35 1.068613518052392722e+35
1.462836994528953216e+00 1.403532473095896460e+00 0.000000000000000000e+00 0.000000000000000000e+00 6.768730840689067829e-01 1.849793950121006447e-01 -1.545969552248221621e-02 -9.786142132722361537e-05 2.759903289588603329e+35 1.068613518052392722e+35
1.530912611952248925e+00 1.495624645232148664e+00 0.000000000000000000e+00 0.000000000000000000e+00 6.768730840689067829e-01 1.849793950121006447e-01 -1.545969552248221621e-02 -9.786142132722361537e-05 2.759903289588603329e+35 1.068613518052392722e+35
1.379897979682847886e+00 1.302799298969254504e+00 0.000000000000000000e+00 0.000000000000000000e+00 6.768730840689067829e-01 1.849793950121006447e-01 -1.545969552248221621e-02 -9.786142132722361537e-05 2.759903289588603329e+35 1.068613518052392722e+35
1.296805805148377733e+00 1.237227181887523786e+00 0.000000000000000000e+00 0.000000000000000000e+00 6.768730840689067829e-01 1.849793950121006447e-01 -1.545969552248221621e-02 -9.786142132722361537e-05 2.759903289588603329e+35 1.068613518052392722e+35
1.374870903989498183e+00 1.295594653158832932e+00 0.000000000000000000e+00 0.000000000000000000e+00 6.768730840689067829e-01 1.849793950121006447e-01 -1.545969552248221621e-02 -9.786142132722361537e-05 2.759903289588603329e+35 1.068613518052392722e+35
1.496029107018479243e+00 1.467513087482516854e+00 0.000000000000000000e+00 0.000000000000000000e+00 6.768730840689067829e-01 1.849793950121006447e-01 -1.545969552248221621e-02 -9.786142132722361537e-05 2.759903289588603329e+35 1.068613518052392722e+35
1.355581336206311827e+00 1.306009348409813642e+00 0.000000000000000000e+00 0.000000000000000000e+00 6.768730840689067829e-01 1.849793950121006447e-01 -1.545969552248221621e-02 -9.786142132722361537e-05 2.759903289588603329e+35 1.068613518052392722e+35
1.533941846116861019e+00 1.465525886310789616e+00 0.000000000000000000e+00 0.000000000000000000e+00 6.768730840689067829e-01 1.849793950121006447e-01 -1.545969552248221621e-02 -9.786142132722361537e-05 2.759903289588603329e+35 1.068613518052392722e+35
1.425118370878270202e+00 1.096355755067508042e+00 0.000000000000000000e+00 0.000000000000000000e+00 6.768730840689067829e-01 1.849793950121006447e-01 -1.545969552248221621e-02 -9.786142132722361537e-05 2.759903289588603329e+35 1.068613518052392722e+35
1.487389416013941590e+00 1.220510260473204989e+00 0.000000000000000000e+00 0.000000000000000000e+00 6.768730840689067829e-01 1.849793950121006447e-01 -1.545969552248221621e-02 -9.786142132722361537e-05 2.759903289588603329e+35 1.068613518052392722e+35
1.533650167174554602e+00 1.355089567112054194e+00 0.000000000000000000e+00 0.000000000000000000e+00 6.768730840689067829e-01 1.849793950121006447e-01 -1.545969552248221621e-02 -9.786142132722361537e-05 2.759903289588603329e+35 1.068613518052392722e+35
1.424989242350326757e+00 1.213443444794090276e+00 0.000000000000000000e+00 0.000000000000000000e+00 6.768730840689067829e-01 1.849793950121006447e-01 -1.545969552248221621e-02 -9.786142132722361537e-05 2.759903289588603329e+35 1.068613518052392722e+35
1.477468026195758677e+00 1.264148303189424505e+00 0.000000000000000000e+00 0.000000000000000000e+00 6.768730840689067829e-01 1.849793950121006447e-01 -1.545969552248221621e-02 -9.786142132722361537e-05 2.759903289588603329e+35 1.068613518052392722e+35
1.563410290645079748e+00 1.243190585352167643e+00 0.000000000000000000e+00 0.000000000000000000e+00 6.768730840689067829e-01 1.849793950121006447e-01 -1.545969552248221621e-02 -9.786142132722361537e-05 2.759903289588603329e+35 1.068613518052392722e+35
1.605771062747834321e+00 1.363925886571789592e+00 0.000000000000000000e+00 0.000000000000000000e+00 6.768730840689067829e-01 1.849793950121006447e-01 -1.545969552248221621e-02 -9.786142132722361537e-05 2.759903289588603329e+35 1.068613518052392722e+35
1.429133737638853097e+00 1.401368400428032235e+00 0.000000000000000000e+00 0.000000000000000000e+00 6.768730840689067829e-01 1.849793950121006447e-01 -1.545969552248221621e-02 -9.786142132722361537e-05 2.759903289588603329e+35 1.068613518052392722e+35
1.690299298713298981e+00 1.380316629351111102e+00 0.000000000000000000e+00 0.000000000000000000e+00 6.768730840689067829e-01 1.849793950121006447e-01 -1.545969552248221621e-02 -9.786142132722361537e-05 2.759903289588603329e+35 1.068613518052392722e+35
1.491737274292143978e+00 1.257567073314279416e+00 0.000000000000000000e+00 0.000000000000000000e+00 6.768730840689067829e-01 1.849793950121006447e-01 -1.545969552248221621e-02 -9.786142132722361537e-05 2.759903289588603329e+35 1.068613518052392722e+35
1.657978968829373567e+00 1.547368597046504091e+00 0.000000000000000000e+00 0.000000000000000000e+00 6.768730840689067829e-01 1.849793950121006447e-01 -1.545969552248221621e-02 -9.786142132722361537e-05 2.759903289588603329e+35 1.068613518052392722e+35
1.245818850752228979e+00 1.187682531696158561e+00 0.000000000000000000e+00 0.000000000000000000e+00 6.768730840689067829e-01 1.849793950121006447e-01 -1.545969552248221621e-02 -9.786142132722361537e-05 2.759903289588603329e+35 1.068613518052392722e+35
1.483695128935862861e+00 1.174831185588492977e+00 0.000000000000000000e+00 0.000000000000000000e+00 6.768730840689067829e-01 1.849793950121006447e-01 -1.545969552248221621e-02 -9.786142132722361537e-05 2.759903289588603329e+35 1.068613518052392722e+35
1.568314657191472339e+00 1.526206425280741685e+00 0.000000000000000000e+00 0.000000000000000000e+00 6.768730840689067829e-01 1.849793950121006447e-01 -1.545969552248221621e-02 -9.786142132722361537e-05 2.759903289588603329e+35 1.068613518052392722e+35
1.455400862040358900e+00 1.318509221524778896e+00 0.000000000000000000e+00 0.000000000000000000e+00 6.768730840689067829e-01 1.849793950121006447e-01 -1.545969552248221621e-02 -9.786142132722361537e-05 2.759903289588603329e+35 1.068613518052392722e+35
1.509006798794118698e+00 1.382045307888896568e+00 0.000000000000000000e+00 0.000000000000000000e+00 6.768730840689067829e-01 1.849793950121006447e-01 -1.545969552248221621e-02 -9.786142132722361537e-05 2.759903289588603329e+35 1.068613518052392722e+35
1.549365999563751206e+00 1.278244461973724766e+00 0.000000000000000000e+00 0.000000000000000000e+00 6.768730840689067829e-01 1.849793950121006447e-01 -1.545969552248221621e-02 -9.786142132722361537e-05 2.759903289588603329e+35 1.068613518052392722e+35
1.554934486253363390e+00 1.444719266474992603e+00 0.000000000000000000e+00 0.000000000000000000e+00 6.768730840689067829e-01 1.849793950121006447e-01 -1.545969552248221621e-02 -9.786142132722361537e-05 2.759903289588603329e+35 1.068613518052392722e+35
1.682373320847512455e+00 1.408323503690845691e+00 0.000000000000000000e+00 0.000000000000000000e+00 6.768730840689067829e-01 1.849793950121006447e-01 -1.545969552248221621e-02 -9.786142132722361537e-05 2.759903289588603329e+35 1.068613518052392722e+35
1.417228598586170563e+00 1.269821612455233728e+00 0.000000000000000000e+00 0.000000000000000000e+00 6.768730840689067829e-01 1.849793950121006447e-01 -1.545969552248221621e-02 -9.786142132722361537e-05 2.759903289588603329e+35 1.068613518052392722e+35
1.373489011540026672e+00 1.288453784797739310e+00 0.000000000000000000e+00 0.000000000000000000e+00 6.768730840689067829e-01 1.849793950121006447e-01 -1.545969552248221621e-02 -9.786142132722361537e-05 2.759903289588603329e+35 1.068613518052392722e+35
1.263047673706557461e+00 1.143990145093050748e+00 0.000000000000000000e+00 0.000000000000000000e+00 6.768730840689067829e-01 1.849793950121006447e-01 -1.545969552248221621e-02 -9.786142132722361537e-05 2.759903289588603329e+35 1.068613518052392722e+35
1.477788499935716038e+00 9.973571334080852946e-01 0.000000000000000000e+00 0.000000000000000000e+00 6.768730840689067829e-01 1.849793950121006447e-01 -1.545969552248221621e-02 -9.786142132722361537e-05 2.759903289588603329e+35 1.068613518052392722e+35
1.522821951657081341e+00 1.422880072417493924e+00 0.000000000000000000e+00 0.000000000000000000e+00 6.768730840689067829e-01 1.849793950121006447e-01 -1.545969552248221621e-02 -9.786142132722361537e-05 2.759903289588603329e+35 1.068613518052392722e+35
1.478181703585158546e+00 1.405239220273051926e+00 0.000000000000000000e+00 0.000000000000000000e+00 6.768730840689067829e-01 1.849793950121006447e-01 -1.545969552248221621e-02 -9.786142132722361537e-05 2.759903289588603329e+35 1.068613518052392722e+35
1.494147004917956600e+00 1.440339949076474779e+00 0.000000000000000000e+00 0.000000000000000000e+00 6.768730840689067829e-01 1.849793950121006447e-01 -1.545969552248221621e-02 -9.786142132722361537e-05 2.759903289588603329e+35 1.068613518052392722e+35
1.442590135013231523e+00 1.344612337225411514e+00 0.000000000000000000e+00 0.000000000000000000e+00 6.768730840689067829e-01 1.849793950121006447e-01 -1.545969552248221621e-02 -9.786142132722361537e-05 2.759903289588603329e+35 1.068613518052392722e+35
1.379948134423861106e+00 1.275881187226054703e+00 0.000000000000000000e+00 0.000000000000000000e+00 6.768730840689067829e-01 1.849793950121006447e-01 -1.545969552248221621e-02 -9.786142132722361537e-05 2.759903289588603329e+35 1.068613518052392722e+35
1.531039089507426398e+00 1.244734820892705152e+00 0.000000000000000000e+00 0.000000000000000000e+00 6.768730840689067829e-01 1.849793950121006447e-01 -1.545969552248221621e-02 -9.786142132722361537e-05 2.759903289588603329e+35 1.068613518052392722e+35
1.389947092112964855e+00 1.296192309744480742e+00 0.000000000000000000e+00 0.000000000000000000e+00 6.768730840689067829e-01 1.849793950121006447e-01 -1.545969552248221621e-02 -9.786142132722361537e-05 2.759903289588603329e+35 1.068613518052392722e+35
1.428891957330022722e+00 1.130694366828203901e+00 0.000000000000000000e+00 0.000000000000000000e+00 6.768730840689067829e-01 1.849793950121006447e-01 -1.545969552248221621e-02 -9.786142132722361537e-05 2.759903289588603329e+35 1.068613518052392722e+35
1.516560989095215417e+00 1.432122990681521157e+00 0.000000000000000000e+00 0.000000000000000000e+00 6.768730840689067829e-01 1.849793950121006447e-01 -1.545969552248221621e-02 -9.786142132722361537e-05 2.759903289588603329e+35 1.068613518052392722e+35
1.468656817202145914e+00 1.455492193973513704e+00 0.000000000000000000e+00 0.000000000000000000e+00 6.768730840689067829e-01 1.849793950121006447e-01 -1.545969552248221621e-02 -9.786142132722361537e-05 2.759903289588603329e+35 1.068613518052392722e+35
1.546011609837560252e+00 1.269273283146460152e+00 0.000000000000000000e+00 0.000000000000000000e+00 6.768730840689067829e-01 1.849793950121006447e-01 -1.545969552248221621e-02 -9.786142132722361537e-05 2.759903289588603329e+35 1.068613518052392722e+35
1.172100957581753367e+00 1.038172063299352077e+00 0.000000000000000000e+00 0.000000000000000000e+00 6.768730840689067829e-01 1.849793950121006447e-01 -1.545969552248221621e-02 -9.786142132722361537e-05 2.759903289588603329e+35 1.068613518052392722e+35
1.431194502728963203e+00 1.378800072901681828e+00 0.000000000000000000e+00 0.000000000000000000e+00 6.768730840689067829e-01 1.849793950121006447e-01 -1.545969552248221621e-02 -9.786142132722361537e-05 2.759903289588603329e+35 1.068613518052392722e+35
1.545675019382596105e+00 1.397434017808369733e+00 0.000000000000000000e+00 0.000000000000000000e+00 6.768730840689067829e-01 1.849793950121006447e-01 -1.545969552248221621e-02 -9.786142132722361537e-05 2.759903289588603329e+35 1.068613518052392722e+35
1.578771166550117844e+00 1.550636775561437419e+00 0.000000000000000000e+00 0.000000000000000000e+00 6.768730840689067829e-01 1.849793950121006447e-01 -1.545969552248221621e-02 -9.786142132722361537e-05 2.759903289588603329e+35 1.068613518052392722e+35
1.695761887685653058e+00 1.269442228245554194e+00 0.000000000000000000e+00 0.000000000000000000e+00 6.768730840689067829e-01 1.849793950121006447e-01 -1.545969552248221621e-02 -9.786142132722361537e-05 2.759903289588603329e+35 1.068613518052392722e+35
1.501079892062441745e+00 1.325691282639478885e+00 0.000000000000000000e+00 0.000000000000000000e+00 6.768730840689067829e-01 1.849793950121006447e-01 -1.545969552248221621e-02 -9.786142132722361537e-05 2.759903289588603329e+35 1.068613518052392722e+35
1.337743306447703340e+00 1.303355038472651106e+00 0.000000000000000000e+00 0.000000000000000000e+00 6.768730840689067829e-01 1.849793950121006447e-01 -1.545969552248221621e-02 -9.786142132722361537e-05 2.759903289588603329e+35 1.068613518052392722e+35
1.520255332738595921e+00 1.260155736543614458e+00 0.000000000000000000e+00 0.000000000000000000e+00 6.768730840689067829e-01 1.849793950121006447e-01 -1.545969552248221621e-02 -9.786142132722361537e-05 2.759903289588603329e+35 1.068613518052392722e+35
1.492729599591415379e+00 1.372300979547651290e+00 0.000000000000000000e+00 0.000000000000000000e+00 6.768730840689067829e-01 1.849793950121006447e-01 -1.545969552248221621e-02 -9.786142132722361537e-05 2.759903289588603329e+35 1.068613518052392722e+35
1.581790552274397132e+00 1.482569703161258801e+00 0.000000000000000000e+00 0.000000000000000000e+00 6.768730840689067829e-01 1.849793950121006447e-01 -1.545969552248221621e-02 -9.786142132722361537e-05 2.759903289588603329e+35 1.068613518052392722e+35
1.265636057085050670e+00 1.231930033084867038e+00 0.000000000000000000e+00 0.000000000000000000e+00 6.768730840689067829e-01 1.849793950121006447e-01 -1.545969552248221621e-02 -9.786142132722361537e-05 2.759903289588603329e+35 1.068613518052392722e+35
1.383578592134260044e+00 1.256885638748433953e+00 0.000000000000000000e+00 0.000000000000000000e+00 6.768730840689067829e-01 1.849793950121006447e-01 -1.545969552248221621e-02 -9.786142132722361537e-05 2.759903289588603329e+35 1.068613518052392722e+35
1.542018591095569713e+00 1.366145863113959136e+00 0.000000000000000000e+00 0.000000000000000000e+00 6.768730840689067829e-01 1.849793950121006447e-01 -1.545969552248221621e-02 -9.786142132722361537e-05 2.759903289588603329e+35 1.068613518052392722e+35
1.541737845076353253e+00 1.497327136631279476e+00 0.000000000000000000e+00 0.000000000000000000e+00 6.768730840689067829e-01 1.849793950121006447e-01 -1.545969552248221621e-02 -9.786142132722361537e-05 2.759903289588603329e+35 1.068613518052392722e+35
